188125
29875
240520
444226
47266
239941
96433
186585
50120
485870
154619
275077
40304
94795
146412
485587
9736
402701
401370
52973
430559
51911
53174
306134
98399
34239
6928
397769
466784
94299
57610
86454
316254
371758
202383
429932
340781
165536
369569
418640
306134
297280
123775
474806
360281
73429
225341
274000
218921
361935
424628
352593
130097
293208
175795
45400
226403
122866
299752
424628
197213
448675
217230
245243
312496
215795
127644
458930
164338
322853
18640
333951
358729
340028
222979
366393
410757
263837
94618
202847
352840
416954
497641
140558
223229
229924
239532
10714
346522
359508
424159
306483
78640
220006
380944
111507
39224
411441
372504
111507
376284
